	  22.83	  -1.26	  -4.28	 -14.22	  -3.82	  -5.38
	  22.83	  -1.26	  -4.28	 -14.15	  -3.82	  -5.38
	  22.83	  -1.26	  -4.28	 -14.13	  -3.67	  -5.38
	  22.83	  -1.26	  -4.29	 -14.04	  -3.67	  -5.38
	  22.83	  -1.26	  -4.29	 -14.04	  -3.69	  -5.38
	  22.83	  -1.26	  -4.28	 -14.06	  -3.69	  -5.38
	  22.83	  -1.26	  -4.28	 -14.06	  -3.69	  -5.38
	  22.83	  -1.26	  -4.28	 -14.02	  -3.69	  -5.38
	  22.83	  -1.26	  -4.28	 -14.00	  -3.71	  -5.38
	  22.83	  -1.26	  -4.28	 -14.04	  -3.69	  -5.38
	  22.83	  -1.26	  -4.28	 -14.04	  -3.71	  -5.38
	  22.83	  -1.26	  -4.28	 -14.06	  -3.71	  -5.38
	  22.83	  -1.26	  -4.28	 -14.08	  -3.69	  -5.38
	  22.83	  -1.26	  -4.28	 -14.08	  -3.67	  -5.38
	  22.83	  -1.26	  -4.28	 -14.08	  -3.74	  -5.38
	  22.83	  -1.26	  -4.28	 -14.02	  -3.69	  -5.38
	  22.83	  -1.26	  -4.28	 -14.04	  -3.69	  -5.38
	  22.83	  -1.26	  -4.28	 -14.02	  -3.69	  -5.38
	  22.84	  -1.26	  -4.28	 -14.08	  -3.69	  -5.38
	  22.83	  -1.26	  -4.28	 -14.11	  -3.74	  -5.38
	  22.83	  -1.26	  -4.28	 -14.15	  -3.76	  -5.38
	  22.83	  -1.26	  -4.29	 -14.24	  -3.82	  -5.38
	  22.83	  -1.26	  -4.29	 -14.24	  -3.82	  -5.38
	  22.83	  -1.26	  -4.29	 -14.24	  -3.78	  -5.38
	  22.83	  -1.26	  -4.29	 -14.22	  -3.78	  -5.38
	  22.83	  -1.26	  -4.29	 -14.22	  -3.71	  -5.38
	  22.83	  -1.26	  -4.29	 -14.17	  -3.71	  -5.38
	  22.83	  -1.26	  -4.29	 -14.17	  -3.74	  -5.38
	  22.83	  -1.26	  -4.29	 -14.13	  -3.76	  -5.38
	  22.83	  -1.26	  -4.28	 -14.15	  -3.76	  -5.38
	  22.83	  -1.26	  -4.29	 -14.11	  -3.76	  -5.38
	  22.83	  -1.26	  -4.29	 -14.11	  -3.76	  -5.38
	  22.83	  -1.26	  -4.29	 -14.08	  -3.76	  -5.38
	  22.83	  -1.26	  -4.29	 -14.06	  -3.71	  -5.38
	  22.83	  -1.26	  -4.29	 -14.02	  -3.69	  -5.38
	  22.83	  -1.26	  -4.29	 -14.02	  -3.71	  -5.38
	  22.83	  -1.26	  -4.28	 -14.00	  -3.74	  -5.38
	  22.83	  -1.26	  -4.28	 -14.00	  -3.67	  -5.38
	  22.83	  -1.26	  -4.28	 -13.95	  -3.67	  -5.38
	  22.83	  -1.26	  -4.28	 -13.95	  -3.69	  -5.38
	  22.83	  -1.26	  -4.28	 -13.93	  -3.69	  -5.38
	  22.84	  -1.26	  -4.29	 -13.91	  -3.65	  -5.38
	  22.83	  -1.26	  -4.29	 -14.22	  -3.82	  -5.38
	  22.83	  -1.26	  -4.29	 -14.22	  -3.85	  -5.38
	  22.83	  -1.26	  -4.29	 -14.22	  -3.85	  -5.38
	  22.83	  -1.26	  -4.29	 -14.13	  -3.85	  -5.38
	  22.83	  -1.26	  -4.29	 -14.13	  -3.82	  -5.38
	  22.83	  -1.26	  -4.29	 -14.11	  -3.82	  -5.38
	  22.83	  -1.26	  -4.29	 -14.11	  -3.85	  -5.38
	  22.83	  -1.26	  -4.29	 -14.08	  -3.85	  -5.38
	  22.83	  -1.26	  -4.29	 -14.08	  -3.78	  -5.38
	  22.83	  -1.26	  -4.29	 -14.06	  -3.78	  -5.38
	  22.83	  -1.26	  -4.29	 -14.06	  -3.74	  -5.38
	  22.83	  -1.26	  -4.29	 -14.06	  -3.74	  -5.38
	  22.83	  -1.26	  -4.29	 -14.06	  -3.69	  -5.38
	  22.84	  -1.26	  -4.29	 -14.00	  -3.69	  -5.38
	  22.83	  -1.26	  -4.29	 -14.26	  -3.82	  -5.38
	  22.83	  -1.26	  -4.29	 -14.24	  -3.82	  -5.38
	  22.83	  -1.26	  -4.29	 -14.24	  -3.82	  -5.38
	  22.83	  -1.26	  -4.29	 -14.24	  -3.82	  -5.38
	  22.83	  -1.26	  -4.29	 -14.24	  -3.85	  -5.38
	  22.83	  -1.26	  -4.29	 -14.17	  -3.87	  -5.38
	  22.83	  -1.26	  -4.28	 -14.17	  -3.82	  -5.38
	  22.83	  -1.26	  -4.28	 -14.15	  -3.82	  -5.38
	  22.83	  -1.26	  -4.28	 -14.15	  -3.80	  -5.38
	  22.83	  -1.26	  -4.29	 -14.11	  -3.80	  -5.38
	  22.83	  -1.26	  -4.29	 -14.08	  -3.78	  -5.38
	  22.83	  -1.26	  -4.29	 -14.08	  -3.78	  -5.38
	  22.83	  -1.26	  -4.29	 -14.08	  -3.78	  -5.38
	  22.83	  -1.26	  -4.29	 -14.04	  -3.78	  -5.38
	  22.83	  -1.26	  -4.29	 -14.02	  -3.69	  -5.38
	  22.83	  -1.26	  -4.28	 -14.26	  -3.85	  -5.38
	  22.83	  -1.26	  -4.28	 -14.28	  -3.85	  -5.41
	  22.83	  -1.26	  -4.29	 -14.28	  -3.82	  -5.41
	  22.83	  -1.26	  -4.29	 -14.30	  -3.82	  -5.38
	  22.83	  -1.26	  -4.29	 -14.30	  -3.80	  -5.41
	  22.83	  -1.26	  -4.28	 -14.33	  -3.80	  -5.41
	  22.83	  -1.26	  -4.29	 -14.33	  -3.82	  -5.38
	  22.83	  -1.26	  -4.29	 -14.24	  -3.85	  -5.38
	  22.84	  -1.26	  -4.29	 -13.91	  -3.69	  -5.36
	  22.84	  -1.26	  -4.29	 -13.91	  -3.67	  -5.36
	  22.84	  -1.26	  -4.29	 -13.89	  -3.67	  -5.38
	  22.84	  -1.26	  -4.29	 -13.91	  -3.63	  -5.38
	  22.84	  -1.26	  -4.29	 -13.93	  -3.63	  -5.36
	  22.84	  -1.26	  -4.29	 -13.93	  -3.65	  -5.36
	  22.84	  -1.26	  -4.29	 -13.91	  -3.65	  -5.36
	  22.84	  -1.26	  -4.28	 -13.91	  -3.63	  -5.38
	  22.84	  -1.26	  -4.28	 -13.93	  -3.63	  -5.38
	  22.84	  -1.26	  -4.28	 -13.93	  -3.67	  -5.38
	  22.84	  -1.26	  -4.28	 -13.97	  -3.67	  -5.36
	  22.84	  -1.26	  -4.28	 -13.97	  -3.69	  -5.36
	  22.84	  -1.26	  -4.28	 -14.00	  -3.69	  -5.38
	  22.83	  -1.26	  -4.28	 -14.00	  -3.80	  -5.38
	  22.83	  -1.26	  -4.28	 -14.00	  -3.80	  -5.36
	  22.83	  -1.26	  -4.28	 -14.00	  -3.82	  -5.38
	  22.83	  -1.26	  -4.28	 -14.06	  -3.80	  -5.38
	  22.84	  -1.26	  -4.28	 -14.06	  -3.78	  -5.36
	  22.83	  -1.26	  -4.28	 -14.15	  -3.82	  -5.38
